20140421,330.8700,331.1500,322.3100,323.9700,2999400
20140422,329.3200,337.5000,328.9400,332.0000,3711600
20140423,324.5800,333.1300,323.3900,333.0600,3604600
20140424,337.1500,337.4000,322.9500,329.6700,9293700
20140425,303.8300,316.4900,302.7100,316.2500,16180200
20140428,296.5800,304.3900,288.0000,304.0000,14479800
20140429,300.3800,301.8400,290.4500,296.4400,6509300
20140430,304.1300,304.5600,298.1000,298.1000,4088600
20140501,307.8900,310.4800,304.0000,304.1300,4328600
20140502,308.0100,313.2900,304.3100,310.4200,3995100
20140505,310.0500,310.2300,305.0000,306.3700,2519900
20140506,297.3800,309.8100,297.0400,309.5300,4682300
20140507,292.7100,296.4000,286.6800,295.5600,7015200
20140508,288.3200,295.8800,287.2300,290.8200,3848200
20140509,292.2400,293.6800,284.3800,290.5700,4063000
20140512,302.8600,303.3400,294.1600,294.3000,3729600
20140513,304.6400,305.6000,300.7500,302.6000,3509900
20140514,297.6200,304.6400,296.6600,302.5000,3323300
20140515,295.1900,299.2000,290.3800,298.0200,4295100
20140516,297.7000,298.8800,291.5500,292.8000,3636800
20140519,296.7600,299.0000,293.8100,295.7600,2284200
20140520,301.1900,304.4600,296.7500,297.1000,4095700
20140521,305.0100,305.9600,301.5200,302.2100,3408800
20140522,304.9100,308.5400,303.0100,305.0500,2576800
20140523,312.2400,312.3500,304.9000,305.4600,3052900
20140527,310.8200,314.6300,307.3800,314.4100,4862100
20140528,310.1600,313.8200,307.4200,309.5000,2726000
20140529,313.7800,314.8700,310.2000,310.4200,2365500
20140530,312.5500,314.6500,307.5700,314.4300,4260200
20140602,308.8400,312.6000,307.0000,312.5900,2203400
20140603,307.1900,307.9200,305.0700,305.7500,2379200
20140604,306.7800,309.5000,303.8400,306.8500,2107100
20140605,323.5700,327.9400,306.9000,308.1000,7796700
20140606,329.6700,330.8800,324.9300,325.0000,5244000
20140609,327.5000,333.0000,325.6500,331.5700,3212200
20140610,332.4100,335.5000,327.5000,327.6500,3663400
20140611,335.2000,340.7200,333.8800,336.0000,4436800
20140612,325.9100,335.5500,324.6600,335.5500,4276300
20140613,326.2700,329.3000,323.5300,327.0500,2764800
20140616,327.6200,328.6900,323.5200,324.8600,2449800
20140617,325.6200,331.3400,325.2300,327.5400,2924100
20140618,334.3800,335.7500,325.0000,328.0000,6401500
20140619,327.0000,338.9000,325.9800,335.2600,5320600
20140620,324.2000,328.2200,320.4200,327.7600,6054000
20140623,327.2400,327.5500,321.4100,323.3300,2604800
20140624,324.1600,329.7300,322.7400,327.5400,2626600
20140625,327.4400,328.1500,321.7400,324.3300,2327800
20140626,325.6900,328.6500,322.1300,328.4900,2699500
20140627,324.5700,326.5200,323.2700,325.8800,2416200
20140630,324.7800,326.9800,322.2400,324.9800,2671300
20140701,332.3900,333.2000,325.1000,325.8600,3173600
20140702,332.8500,336.7600,331.6600,333.2000,2681300
20140703,337.4900,338.3000,333.0800,334.8300,1944300
20140707,333.5500,337.5500,332.5200,337.5000,2128900
20140708,323.8100,333.7400,321.4000,333.1000,4271600
20140709,329.9700,330.2000,323.1500,324.7100,3166100
20140710,327.9200,329.9800,322.6500,324.3400,2665000
20140711,346.2000,347.0000,334.7100,334.7100,8300800
20140714,355.3200,355.7700,345.3600,347.0300,5609900
20140715,354.4400,355.5900,349.4000,353.7200,4170900
20140716,355.9000,359.3200,353.0000,355.6200,3503600
20140717,352.4500,356.9600,351.3800,353.4400,3636000
20140718,358.6600,359.6800,352.0800,354.4000,3407400
20140721,359.7600,361.7100,356.7200,358.1000,2278400
20140722,360.8400,362.9300,355.2500,355.2500,2888900
20140723,358.1400,360.6300,356.6200,359.0500,2687300
20140724,358.6100,364.8500,358.5200,359.9800,7088700
20140725,324.0100,324.8700,314.7600,317.3000,17846500
20140728,320.4100,324.8200,316.5000,324.2500,5932000
20140729,320.0000,322.9000,319.5000,321.9800,2883800
20140730,322.5100,322.7300,318.5000,321.4500,3969000
20140731,312.9900,320.6800,311.8600,320.0100,5192000
20140801,307.0600,315.8300,304.5900,313.6900,7441500
20140804,313.6500,316.1800,308.5000,308.8400,4200900
20140805,312.3200,314.5500,310.0600,313.3000,2852100
20140806,313.8900,315.7800,310.2000,310.8300,2296900
20140807,311.4500,315.8800,309.6500,315.2100,2935600
20140808,316.8000,317.3200,310.6600,311.9400,2705900
20140811,318.3300,320.3800,316.8800,318.4800,2468600
20140812,319.3200,321.3100,316.9500,318.8900,1915800
20140813,326.2800,331.7200,326.1400,327.6000,4945100
20140814,333.2100,334.0900,326.7100,327.8000,3420400
20140815,333.6300,335.0000,328.3200,334.0000,3896700
20140818,334.5300,337.8000,333.7700,335.4800,2485400
20140819,335.1300,335.8100,333.0100,334.8700,1713800
20140820,335.7800,337.1600,334.0200,334.6800,1810500
20140821,332.9100,336.5800,332.2300,336.4800,1971100
20140822,331.5900,334.0800,330.8000,332.9900,2211200
20140825,334.0200,336.7700,332.7100,333.2100,1957700
20140826,341.8300,344.3600,334.5500,337.0000,3654700
20140827,343.1800,346.6700,341.3400,342.0900,2961600
20140828,340.0200,341.7900,338.8000,340.0000,2252700
20140829,339.0400,341.8200,337.6800,341.7600,1939500
20140902,342.3800,342.5000,337.1600,339.9800,2326000
20140903,339.0000,343.2700,337.5500,342.5400,1993700
20140904,345.9500,349.3800,343.5800,343.6900,3965600
20140905,346.3800,346.8300,342.5000,346.3000,2107000
20140908,342.3400,345.8100,339.0400,344.5400,2955300
20140909,329.7500,341.7600,329.1800,341.6100,4646800
20140910,331.3300,334.9800,328.8200,334.3000,3797400
20140911,330.5200,333.0100,326.3900,329.9400,2720200
20140912,331.1900,332.8900,328.7900,329.5600,3429300
20140915,323.8900,331.3300,319.0000,330.9100,4000400
20140916,327.7600,329.4800,320.1000,321.0700,3259900
20140917,324.0000,328.0000,321.5200,327.7600,4136000
20140918,325.0000,327.1000,323.7100,325.4400,2576900
20140919,331.3200,332.7600,325.5700,327.6000,6886200
20140922,324.5000,329.4900,321.0600,328.4900,3109700
20140923,323.6300,327.6000,321.2500,322.4600,2352600
20140924,328.2100,329.4400,319.5600,324.1700,2642200
20140925,321.9300,328.5400,321.4000,327.9900,2928800
20140926,323.2100,323.5000,317.6400,320.6000,3638000
20140929,321.8200,323.7500,319.0000,320.5000,1924600
20140930,322.4400,323.4300,318.5100,321.3600,2636200
20141001,317.4600,322.1700,315.5500,322.0400,3089100
20141002,318.4100,318.5300,311.3100,316.9200,3553900
20141003,322.7400,325.1600,319.5300,320.3600,3037400
20141006,322.2000,324.1300,319.6000,323.5000,2290300
20141007,316.9800,322.0000,316.6700,319.4300,2365400
20141008,322.7000,324.1100,314.1400,316.5800,3452800
20141009,315.3700,322.2700,314.5200,321.4900,3587900
20141010,311.3900,317.7700,311.3800,314.0200,3681900
20141013,306.4500,313.2000,303.4700,309.8700,4363900
20141014,308.3100,312.2400,305.7500,308.0000,3385800
20141015,305.9700,307.9000,299.1000,304.3500,5343900
20141016,302.8600,306.8200,293.8300,293.8300,4731300
20141017,303.6400,309.2000,302.7200,307.1500,4405100
20141020,306.2100,306.5300,302.0200,302.9500,3234500
20141021,315.3300,315.6400,307.0700,309.9000,3559300
20141022,312.9700,318.9800,312.6400,315.4300,3125900
20141023,313.1800,316.8000,311.4000,313.4000,9038200
20141024,287.0600,293.8100,284.0000,284.4000,19801100
20141027,289.9700,290.4200,285.0200,285.7000,5950600
20141028,295.5900,298.0000,289.7600,289.7600,5572600
20141029,294.1200,299.6100,293.0700,299.1100,4881900
20141030,299.0700,299.7400,292.3600,293.9800,4048200
20141031,305.4600,305.7200,301.5000,305.1500,4550700
20141103,305.7200,308.0100,303.2400,306.2400,3242500
20141104,302.8100,304.2500,300.1700,303.9900,3427400
20141105,296.5200,304.0000,294.1600,303.0100,4674500
20141106,296.6400,297.0000,292.2900,296.6900,3758100
20141107,299.8600,299.9900,296.2900,297.8200,2647400
20141110,305.1100,305.8000,300.0000,300.0000,2809100
20141111,312.0100,312.3800,303.6500,305.9400,3803600
20141112,311.5100,312.5800,308.7900,310.7500,2181700
20141113,316.4800,317.8900,311.5100,312.0000,3685700
20141114,327.8200,332.8800,316.4000,317.1200,8876300
20141117,323.0500,328.0000,318.0300,326.4400,4784600
20141118,324.9300,329.5600,323.2500,323.9900,3549500
20141119,326.5400,328.4000,324.0200,327.2500,3280800
20141120,330.5400,332.6700,323.3300,324.0000,3435000
20141121,332.6300,338.3300,331.4700,335.4200,4466000
20141124,335.6400,337.3900,333.6000,334.7800,2753700
20141125,335.0400,336.3300,331.2800,335.2700,2561200
20141126,333.5700,334.6500,331.7500,333.7800,1983600
20141128,338.6400,341.2600,336.0300,336.0300,3051800
20141201,326.0000,340.6400,325.9300,338.1200,4944900
20141202,326.3100,327.9300,323.2500,327.5000,2783500
20141203,316.5000,326.7700,314.3600,325.7300,5681000
20141204,316.9300,318.5900,313.4700,315.5300,3290300
20141205,312.6300,316.9300,310.8400,316.8000,3265200
20141208,306.6400,316.5600,304.8200,311.5700,3639200
20141209,312.5000,313.6400,301.1400,302.9900,4049500
20141210,305.8400,313.1900,304.6800,312.0000,3245900
20141211,307.3600,312.6400,306.0100,307.8900,3262900
20141212,307.3200,310.6400,303.0100,303.9900,3153500
20141215,306.0700,310.8600,302.1500,308.8700,3841600
20141216,295.0600,304.4900,295.0100,304.3500,6501300
20141217,298.8800,299.6700,293.0300,296.3700,4433500
20141218,297.7300,304.5000,293.2500,304.0100,7738100
20141219,299.9000,301.5400,295.5200,296.9100,8709100
20141222,306.5400,307.3600,301.9400,301.9400,4003800
20141223,306.2900,307.4900,303.2500,306.9800,2713700
20141224,303.0300,307.0000,302.8800,306.3800,1513800
20141226,309.0900,310.7800,303.8100,305.0000,2887500
20141229,312.0400,314.2700,306.5800,307.8500,3009000
20141230,310.3000,313.9400,309.3400,309.9100,2093000
20141231,310.3500,312.9800,310.0100,311.5500,2048000
20150102,308.5200,314.7500,306.9600,312.5800,2783200
20150105,302.1900,308.3800,300.8500,307.0100,2774200
20150106,295.2900,303.0000,292.3800,302.2400,3519000
20150107,298.4200,301.2800,295.3300,297.5000,2640300
20150108,300.4600,303.1400,296.1100,300.3200,3088400
20150109,296.9300,302.8700,296.6800,301.4800,2589500
20150112,291.4100,298.5100,289.2800,297.5600,3421400
20150113,294.7400,301.5000,293.2300,297.4800,4130900
20150114,293.2700,295.9100,286.5000,291.9300,5538700
20150115,286.9500,296.0000,286.8200,294.0000,4410200
20150116,290.7400,290.7900,285.2500,286.2800,3478200
20150120,289.4400,293.3600,286.3900,292.5900,3075100
20150121,297.2500,306.0000,287.2600,289.6400,10065100
20150122,310.3200,312.2500,300.0000,300.0000,5362600
20150123,312.3900,316.9300,307.7200,308.0800,4496400
20150126,309.6600,313.0000,307.5200,311.8200,3169700
20150127,306.7500,310.2400,302.6300,306.3000,2920300
20150128,303.9100,311.5100,303.8000,309.8100,3063800
20150129,311.7800,312.8000,299.3300,304.7300,8656600
20150130,354.5300,359.5000,340.7400,346.3200,23856100
20150202,364.4700,365.0000,350.0100,350.0500,10231900
20150203,363.5500,367.8200,360.2100,360.2900,6212600
20150204,364.7500,367.5000,358.2300,358.3800,4169900
20150205,373.8900,378.8000,365.9000,366.0000,7247600
20150206,374.2800,375.9900,371.0100,374.8700,3871300
20150209,370.5600,374.4100,367.2000,371.0000,2724600
20150210,373.0000,374.3000,368.5100,371.1900,2287200
20150211,375.1400,377.1000,371.1000,371.2300,2786500
20150212,377.1700,378.5100,373.1500,375.1000,2791100
20150213,381.8300,383.0000,377.0100,378.4100,3475100
20150217,375.4300,379.9900,372.6700,377.7200,3673200
20150218,373.3700,376.7400,372.8500,373.7800,2650600
20150219,379.0000,381.8800,373.4300,373.4900,2953800
20150220,383.6600,383.7000,375.8400,378.6200,3258000
20150223,380.1400,384.5400,378.0000,383.4400,2177000
20150224,378.5900,380.4800,376.1600,378.6500,1920800
20150225,385.3700,387.8500,376.5400,377.2700,3174500
20150226,384.8000,389.3700,383.2800,384.0700,2687100
20150227,380.1600,385.9900,379.7900,384.0000,2532300
20150302,385.6600,385.9000,379.4800,380.8500,2139200
20150303,384.6100,386.1000,381.6000,383.9500,1946500
20150304,382.7200,387.9000,382.1900,385.7100,2259100
20150305,387.8300,388.4200,383.8900,385.6100,2693500
20150306,380.0900,387.0000,378.8800,385.5200,2627000
20150309,378.5600,379.3300,375.2800,378.4000,2311400
20150310,369.5100,377.7700,369.1800,377.4500,3121000
20150311,366.3700,373.3500,366.2600,370.6100,2495100
20150312,374.2400,375.5000,367.5200,368.8200,2810000
20150313,370.5800,373.9900,366.6800,371.5200,2611700
20150316,373.3500,373.9400,366.7200,370.3800,2354100
20150317,371.9200,374.5000,369.6400,371.1100,2037000
20150318,375.1400,375.9900,366.7000,369.9700,2654100
20150319,373.2400,377.1100,372.1900,373.8700,1915700
20150320,378.4900,379.3700,375.9200,376.2900,3763600
20150323,375.1100,381.7700,374.9400,378.0700,2239300
20150324,374.0900,375.2400,372.2700,373.9900,2228200
20150325,370.9600,380.5000,370.2900,375.1700,3429500
20150326,367.3500,371.4000,365.6500,369.5900,2930000
20150327,370.5600,373.1700,366.5700,367.1100,2609800
20150330,374.5900,376.1200,371.5500,371.8700,1820900
20150331,372.1000,377.7000,371.5100,373.2400,2506100
20150401,370.2600,373.1600,368.3400,372.1000,2458100
20150402,372.2500,373.2800,369.0000,370.5000,1875300
20150406,377.0400,380.2000,369.3600,370.1000,3050700
20150407,374.4100,379.3100,374.0300,376.1500,1954900
20150408,381.2000,381.5800,374.6500,374.6600,2636400
20150409,383.5400,384.4200,378.8000,380.6600,2392300
20150410,382.6500,387.1200,381.3200,384.3100,2573500
20150413,382.3600,385.2800,380.1400,383.5300,1894500
20150414,385.1100,387.8100,381.2100,383.5100,2583600
20150415,383.4500,385.7800,381.6400,384.6500,1921200
20150416,386.0400,387.4500,383.5500,383.6900,2070500
20150417,375.5600,383.5600,374.4000,382.6300,3828800
20150420,389.5100,391.9400,377.0000,378.5500,5001400
